$ANSIBLE_VAULT;1.1;AES256
37633365303265393639353832666263623364326562356332376134356332313038646634653130
3966633463643234343833396263346633346361323732390a386330393561633733663765653065
65306236353832306463623734333564356130373433353966373633306339393031613662313761
6638376634343537360a636639353464383161393363373130346365306134663531656138636661
34373431646439373762666537323633613035653336616562383330383939366234623531613961
39353462303934373630336362306530613432346262336538386437646137376662666164373231
63393234613338346438613865323163656437336563396430613234393764633436393230373433
37333935353438343562653731316631616531303434653565613565633733623932636335653162
31356138656161303633373764643034356632363538383435366235306237373162343633616665
34393863663937323762353961363134303836333436613834653534376566333737373533626439
64666535623239316662353139363861646231663037646130666661373463663538313263393064
63623636316165623965346337346263303762383866643936353765373964323366333532346136
34343965363866653830363231353538343165306532313138346365653635343763343261623764
39643030326661323864633132616535633262316335353766336431663561336530303864653964
35646632643730613030313165616665616632386365353835383866343463303263306333383435
37393663383861383930653237333039646362613233383366323830303939623839656238626432
30656538336633646631666562363430656266623036363261363462333733386131623966616662
37323235396166633663353130633432396531663663656436306535386338303237646463383064
35386266363739663333343539336232633366323635616365643065646337656335323763336432
33643063343030643765663765633032383866343433633935333335663330663962306165663663
38386131383065333137386465386461653231623862366631323534343562326166636262333135
35363230333061366132393363353932346566666339613538623263346365353662383831303837
30373534326437306237663139623236616666633964333935633634393266666266353163303935
35386232623037663961333161306533393265313037373837653431633163303833616164626362
31353765383632373166373966623936653431333963363433613962303639333931633536613665
36363364376536346333346332616466653737656438626539333130303634363932636331323263
37333432353564623430383862383235313838316533383662386162613864353266346637336637
64646532626161383531333462336466393561346435613032643834666463353562636331353733
35373634373130313131316538656435326434636464313362343632386163616430313330303237
38333064646166333036643536303362353932303133316634303734623062336234313261633462
64626636353630646237633134323332653830353133336136326462393834643034333065646266
64393032376165613763616364313535356430353366356361646661353666363165333932353934
37336134396165356161356332626161343665383230386337363861616334636138616662366139
63623036306264643131343633353031633832396162666362303839653933646633343630636336
65343665336661363262363464336530373138616539373265363334383430393237663932666465
39623136393535306464396632396561353665356464623434613966633132333663363032636463
39663765663461613236623637396338643439363066366234356333633030396566323662363234
35363336623136393136363463383865613061316430356661336138316233303433643763656663
33343735616466363361323131313362346562383935313539633265393630663563616235373438
65633536393034383638626630623062366465313430343563336130656361373435336136383737
61353138333836386364383064316439303837643431636364653561356332346162316332383932
38303463626430336561303865636431393637303465313365663632333538626661646439366439
38633733623561646366333735313333663435333539613333386231363361383664373937613137
63386231666466346365346536666663336639623335313532663666643466636663646165626439
34616362313137613436313036353038313564333636306235623835626464393363643962656634
61323736316132383137323531656536393332656462303266333831646562376338353561653634
36643831323462353232656164656463663532313266303632353730346261666533323562303030
38656663643564353939316233363331333864626332616331376532363734336639373362663235
32346661613065666263633363383234343831393339393766313462303030353139373136363539
38363536636562633162386666346236626664306661643431313138636532623138383462346266
31646136623938393166343637376537333133626531363735326538306539303530383639353464
39613633613165656639633436373066626262323736353464373430633938636665616531303134
31363531616334353234343466363038643839353664666230323263633165653061393066646534
31666632663463303362386237363937313431323534366366386236383035666330643166633637
33386435323434343435373666646536666437326530343030636639303336666433616665323837
32623763663733386563633636653064663431386633303463383634653262323430636633663535
66306361643037613961643261303435303832643062653735393936633137323831623436663764
31383864633836663162353633356337303866393536643465313964613831646237363032363534
31346564383462346266376639316162356165326631346361383766363838393866366431643438
38306466323436343632663131366566353162346566353764336637316237306339623534336435
36303432623263663539313637366636333537376533326661316132636665346532336263633934
64613232663766643463633235323565343638613334333763303964643238646234303832333734
33343638313936353037383138366261653339623163333236363737386364393136363937306366
39646332663537356532643364316338323836386431353966343430646538346233623065363232
32623362363637643366356438383730613963323331363336393131343632633837633337303233
34623662353338666236303464343861326165323365376462373364376162366134653964336431
62306566643563393063613861646538653766303861663563383561363066646633323462613834
31653136633031633831323364613066653930656334303736626637386435363336373835386461
30636663383335373963313030363466613234666537343732363861613735343831616263363261
65656436363336616365323933333334636564313235386239353164313961626238646132383163
32363236323937646662306533323764366663306135643638346536633963313035363330613661
30643232306533393833626237643631656266643736643831643233643137623336346534636537
32663333316161376536376131376166393664303235383539393432633231386165666661336566
64663937316263373765316566636537356535643336326535613961393463346131653462666462
65653765343362396136393631623137343563373966303136363830336432616365303035306136
39626563363664343439646537366435623133346333313335666635343964303637343961653735
36383937323161326466366638343961313539336564613462323931336466356162623761623932
35343862346561356265313138333865653839313365613230643331363862663038636464393330
36353564306364663666346664346366336639643962383235326630303730366330393364376235
64633961613434633464393337393734306665336134636234653934623039613966366534353034
63633465393063636238383765333137306261313737393530376165623062656238323934356139
32316332396463306235383166663863386230646164646465613438653766343536373266326266
32376631636131366430343139306330636637393163313066346562363638386131623534666162
33666266376161333639303931333632306466386165376266343265613931646266376562623335
37356361313361656531613462373561653038363533643363303265613839316463346432356236
61343761306235663633316635393766623832623466633662623938383633313337376338343363
36383439373533616231663733366638363635663863386331363666303562643738363433386162
38303061636438613434
